795.247 373.928 946.654 462.552
344.328 348.937 515.815 503.931
635.994 452.667 772.665 589.746
221.752 669.236 422.989 855.838
177.767 663.979 389.569 853.789
502.01 777.169 651.883 991.568
355.316 1169.83 511.422 1447.31
480.287 1234.4 627.986 1570.97
559.89 827.279 707.137 1060.77
768.431 381.543 914.14 479.114
535.042 866.452 670.723 1112.45
673.186 732.099 821.645 946.385
767.784 385.624 914.43 483.508
511.355 741.683 664.695 945.088
481.296 870.028 629.7 1106.74
541.817 809.649 679.07 1041.26
777.831 395.727 926.49 495.345
796.951 361.965 948.443 445.869
471.124 770.678 621.528 982.768
604.031 798.88 746.483 1030.86
551.239 694.28 689.466 896.245
354.262 1165.15 512.53 1441.76
535.377 877.669 675.727 1125.32
569.565 717.46 712.488 923.084
463.406 781.704 614.499 995.268
655.513 864.012 798.804 1124.53
580.377 357.43 715.726 482.957
484.356 374.068 630.209 514.384
545.438 873.585 687.668 1120.22
686.631 823.343 835.869 1071.85
529.557 883.652 673.95 1130.28
544.058 874.676 684.323 1122.8
599.15 874.981 741.864 1129.47
519.92 726.778 663.1 933
223.435 659.713 427.603 841.627
604.636 734.184 744.302 948.414
530.616 839.535 673.476 1074.8
689.387 1244.69 844.026 1669.77
508.718 735.304 664.547 936.173
648.707 763.981 793.886 988.68
584.496 760.781 726.365 979.1
466.112 880.871 600.637 1124.48
504.354 738.122 662.389 938.269
571.086 860.198 712.014 1107.72
548.142 915.546 689.759 1174.38
708.194 1241.79 864.869 1672.4
774.413 360.888 920.312 451.835
597.042 1015.83 736.868 1316.09
451.101 1231.09 601.869 1555.95
460.519 772.739 609.84 984.959
561.995 330.284 700.411 451.286
567.185 355.71 703.431 483.511
565.815 758.971 708.814 976.363
547.218 1063.49 689.536 1367.99
212.495 665.559 415.796 851.31
468.552 882.665 625.847 1118.53
526.95 756.034 675.723 967.644
591.119 868.968 728.507 1123.32
567.961 798.074 710.017 1027.25
532.147 729.085 676.15 934.747
579.195 858.283 720.692 1104.4
216.026 717.76 418.974 909.044
542.671 850.167 683.848 1089.58
641.24 695.646 780.305 899.119
504.714 775.893 654.644 991.28
602.37 781.385 742.512 1009.9
558.583 717.972 704.432 922.565
703.231 1245.39 850.003 1670.66
600.939 783.669 741.525 1010.09
294.582 338.777 475.157 508.912
626.298 720.32 766.97 929.384
586.976 703.548 733.033 902.115
400.077 1163.91 551.465 1452.31
513.521 752.157 658.634 962.164
210.536 709.508 413.504 898.328
659.629 745.592 799.896 965.715
586.944 331.754 722.994 451.113
479.096 735.839 619.801 945.203
808.671 365.757 963.404 446.116
334.815 330.055 504.627 489.847
184.855 1237.86 390.962 1482.56
577.138 872.452 718.424 1125.16
632.98 764.509 771.891 988.54
466.505 873.214 615.289 1107.42
559.493 745.041 702.068 955.991
449.531 451.637 596.982 609.263
760.679 854.834 915.233 1126.98
286.614 690.969 465.992 883.583
562.063 758.309 704.771 972.859
768.652 428.076 913.57 544.782
641.423 703.351 781.271 908.117
442.741 898.229 603.498 1134.85
600.066 705.564 751.971 905.043
493.373 869.637 635.435 1107.93
805.53 366.822 962.61 449.462
505.684 892.964 645.607 1139.02
709.554 1238.68 858.469 1667.49
648.725 759.359 790.381 981.615
726.722 452.124 867.777 576.566
355.777 369.103 532.343 514.079
632.378 753.041 771.602 972.778
646.615 852.462 788.891 1105.42
284.367 688.113 464.406 879.592
619.939 720.209 757.79 929.475
810.408 380.31 965.502 470.541
520.212 717.339 667.7 921.325
618.497 724.308 758.265 933.568
645.442 852.982 784.985 1106.66
766.98 378.627 913.095 477.833
620.323 718.11 759.926 925.629
579.352 686.062 720.338 881.788
477.879 753.108 624.143 961.204
530.359 772.136 669.941 989.751
745.932 927.539 897.443 1227.16
641.437 784.643 784.6 1013.22
675.483 461.503 809.372 597.319
793.157 357.058 944.949 442.497
647.648 743.839 789.305 960.288
498.318 914.753 645.845 1167.38
648.064 852.285 784.985 1106.66
517.799 773.53 663.608 992.711
460.706 737.1 605.229 943.247
438.379 1170.36 584.833 1475.5
606.294 868.16 746.84 1125.13
572.453 834.658 712.242 1072.13
628.78 806.046 768.318 1041.5
235.368 738.35 429.2 930.833
770.641 704.112 924.375 914.329
733.925 451.272 872.433 576.767
645.554 715.378 788.52 921.467
530.125 719.342 671.753 922.319
800.218 379.12 953.869 470.954
413.254 360.714 573.363 507.988
665.879 744.319 809.304 961.624
406.789 327.158 565.205 476.801
562.742 744.442 702.068 955.991
547.839 697.32 691.506 893.288
788.373 354.747 940.791 439.2
645.332 729.4 786.555 940.839
769.137 383.43 915.996 484.211
652.761 759.706 794.321 981.507
634.929 671.958 771.952 867.098
279.101 669.602 461.661 865.612
192.687 1078.5 395.993 1301.08
567.239 357.981 706.746 485.438
595.792 771.969 735.274 993.023
608.714 759.068 744.297 979.29
590.37 788.88 744.893 1007.29
648.162 714.502 788.52 921.467
767.733 458.222 911.919 588.158
766.424 441.381 911.391 564.769
785.607 404.003 938.077 506.994
663.542 757.062 802.645 979.873
667.454 712.818 807.762 920.605
604.573 743.396 744.397 963.393
414.203 1246.17 557.602 1561.01
610.911 800.574 751.342 1030.97
666.062 727.785 809.195 938.885
761.119 856.976 918.898 1127.65
665.457 789.272 810.255 1020.73
280.112 680.682 461.105 869.548
701.759 329.405 833.49 425.858
613.627 724.864 755.19 931.435
520.187 885.102 658.929 1129.54
790.497 379.582 944.976 472.104
681.593 461.413 814.348 596.342
476.025 734.299 615.976 941.303
400.077 1163.91 549.832 1456.77
645.554 715.378 784.061 922.797
609.062 784.496 748.318 1009.8
178.529 1242.23 383.619 1481.62
520.445 872.394 662.737 1112.02
481.295 885.899 626.326 1123.58
388.911 341.384 551.19 496.782
219.162 716.035 420.512 900.43
664.742 742.706 803.516 960.278
631.663 734.098 766.399 947.865
757.649 864.465 911.983 1137.62
676.458 731.862 823.701 942.465
672.187 713.918 811.59 922.006
547.306 705.341 689.842 902.422
579.299 859.559 715.498 1104.67
767.748 675.507 920.796 872.302
716.306 331.337 849.739 423.505
525.179 341.572 666.748 476.719
708.682 850.673 851.583 1111.26
482.887 767.17 625.607 978.337
500.368 762.49 650.943 977.703
618.618 749.261 747.514 969.461
792.825 377.123 944.976 472.104
183.257 666.614 397.48 857.911
316.496 1185.33 480.381 1459.5
632.378 789.476 770.242 1018.78
523.125 343.398 666.748 476.719
645.469 865.901 785.641 1121.54
719.17 854.486 865.872 1117.36
807.996 364.339 966.105 448.756
753.37 870.561 909.3 1144.75
662.026 709.602 802.147 914.606
672.324 712.824 814.005 918.852
610.144 827.744 762.491 1060.75
314.324 1167.63 477.706 1428.56
480.794 872.252 633.486 1112.49
644.233 785.288 784.6 1013.22
783.174 376.691 933.124 474.363
487.053 779.124 628.512 993.268
645.253 727.445 783.194 937.805
756.481 867.693 910.683 1141.39
629.984 786.888 766.637 1015.25
408.444 452.932 570.056 614.685
787.102 405.473 939.606 511.14
536.296 783.605 684.441 1007.66
706.032 1270.93 856.463 1706.58
596.093 732.903 740.312 948.585
753.556 406.076 891.372 513.542
511.387 784.07 664.804 1004.17
497.352 888.259 628.861 1131.71
526.34 703.685 685.923 899.19
657.848 819.599 799.922 1059.87
655.477 698.007 807.561 890.963
532.234 706.479 681.79 909.99
786.178 382.129 939.611 478.991
744.669 393.121 881.71 496.974
684.68 461.009 814.348 596.342
530.946 724.822 679.504 933.822
219.04 692.191 418.264 875.172
170.85 693.358 395.395 877.825
489.044 745.039 633.892 948.488
314.083 1185.41 478.63 1448.83
647.807 727.64 784.797 937.878
217.449 681.041 417.821 862.054
560.753 675.717 694.461 869.753
480.712 782.501 623.037 1008.6
783.177 365.736 933.405 460.87
631.518 698.33 756.261 905.412
320.055 1185.41 482.471 1449.79
604.663 788.675 742.149 1013.27
721.717 854.83 865.872 1117.36
487.054 817.12 629.921 1050.84
728.856 659.931 871.603 850.145
369.289 340.168 537.943 498.724
634.461 663.938 769.087 854.446
175.921 665.688 394.667 856.689
504.981 697.486 654.859 885.015
498.699 775.67 649.684 996.106
520.505 699.487 659.442 895.167
672.001 709.072 812.319 912.327
493.985 846.309 632.031 1075.67
577.358 760.418 713.145 974.696
630.441 788.54 770.982 1013.6
716.632 1262.17 860.378 1707.32
570.86 768.704 693.008 991.859
486.492 849.41 655.37 1065.19
536.914 780.635 684.684 1006.37
647.768 814.371 790.962 1063.4
568.682 705.321 707.65 901.962
549.907 683.066 685.805 875.979
355.777 369.103 532.343 514.079
