860.914  272.246  1124.81  547.99
831.093  282.663  897.504  516.132
623.635  190.548  1102.55  535.403
756.728  243.216  797.471  472.067
648.804  474.431  936.528  753.404
513.921  469.815  758.862  797.193
709.446  524.329  1007.75  779.828
572.952  181.463  835.464  473.001
607.012  254.941  1089.37  575.804
364.994  303.001  442.143  635.404
420.702  168.054  587.323  451.39
510.011  142.392  755.479  431.459
714.09  228.126  999.886  517.373
711.254  218.76  999.689  510.054
743.669  304.286  1028.84  580.155
683.486  535.05  980.817  799.084
340.577  152.544  383.427  419.395
756.79  289.06  1041.27  566.547
551.431  252.979  805.841  546.848
511.127  468.243  753.389  796.578
587.131  480.563  859.278  781.436
585.045  279.496  851.013  571.878
835.335  311.821  912.989  551.08
778.217  299.635  835.003  542.553
518.181  453.858  760.564  778.051
509.559  164.388  745.794  452.584
569.482  252.489  834.585  545.554
751.039  243.727  789.49  473.21
732.733  218.944  1014.61  508.469
696.896  546.685  998.201  804.19
808.038  304.188  875.046  544.452
671.328  186.663  956.014  481.12
843.848  251.49  1095.01  528.476
725.019  542.138  1013.53  794.595
469.235  490.094  655.045  850.442
414.267  292.296  568.636  609.73
515.049  257.552  748.604  554.175
638.926  176.261  914.855  469.841
429.382  294.068  592.803  609.631
424.645  302.279  588.125  620.619
544.058  463.636  801.389  778.846
608.092  249.904  881.392  540.14
668.685  210.284  958.587  503.254
618.971  190.944  894.342  483.894
649.872  471.318  936.415  749.879
603.199  244.051  876.21  535.555
547.285  238.442  801.763  531.783
711.895  216.737  1003.23  509.69
524.102  154.993  765.876  443.556
741.366  269.381  1023.33  550.258
730.858  234.565  1012.88  521.357
476.929  284.499  711.31  591.674
558.43  281.897  816.661  576.562
486.366  317.443  718.187  627.973
515.285  239.939  752.154  534.728
537.509  459.984  792.984  777.177
647.309  477.345  935.716  757.099
496.645  330.188  723.805  639.752
779.608  282.793  1060.85  560.649
701.653  540.93  1001.09  796.951
847.702  514.436  945.779  784.124
884.104  235.543  1151.08  523.89
540.855  459.196  796.426  775.348
946.883  126.307  1164.88  440.894
402.276  281.15  542.833  597.989
830.499  281.216  1102.65  555.567
669.498  509.667  966.733  778.572
862.088  266.37  934.778  495.167
848.332  288.483  927.175  522.687
653.102  466.56  949.173  742.065
730.16  266.392  1019.01  550.544
454.71  303.366  631.907  616.811
668.27  487.535  960.954  760.117
680.526  237.249  969.836  526.24
844.114  290.57  919.271  524.726
513.096  281.201  748.266  580.711
794.932  290.982  859.883  529.728
604.981  248.158  877.864  538.257
359.551  293.543  434.897  623.814
626.338  486.996  925.081  768.977
611.048  163.453  887.321  457.092
575.449  247.617  840.559  541.006
534.544  254.134  782.489  550.443
693.353  258.389  982.475  543.995
735.497  475.02  1035.9  726.318
589.678  207.27  859.33  500.201
738.482  286.528  776.107  530.442
594.141  165.09  862.7  458.464
489.737  171.618  710.756  459.94
559.434  212.377  817.045  505.237
560.226  202.551  818.489  495.2
883.64  619.457  1150.6  806.301
736.339  285.928  776.107  530.442
644.173  237.051  922.01  525.285
797.517  264.275  857.882  496.215
538.193  190.944  784.781  482.4
666.306  522.764  957.799  795.681
856.966  255.165  1122.43  534.829
594.218  510.508  870.982  810.979
637.109  235.352  918.381  526.791
736.339  285.928  772.584  530.023
665.589  178.503  948.887  472.643
548.432  253.804  803.287  549.408
826.146  264.842  896.344  495.727
518.103  477.606  766.102  803.227
726.636  255.049  1011.07  540.787
749.264  233  1036.99  520.762
809.205  525.259  1096.72  752.49
581.09  188.865  849.337  480.189
426.568  301.484  588.125  620.619
578.185  254.011  843.777  547.64
673.597  282.051  964.664  566.211
558.024  249.868  817.625  544.875
728.591  239.904  1011.44  525.292
726.101  303.811  1018.49  580.911
509.622  285.673  744.133  585.756
853.469  242.717  928.169  469.367
843.28  245.072  913.378  471.396
689.208  284.011  978.892  568.942
515.121  495.77  770.654  825.832
555.47  139.967  810.472  431.036
808.82  283.603  1089.79  558.638
876.386  287.144  1145.96  561.53
788.163  437.733  863.007  713.99
606.994  244.915  882.173  537.365
655.107  226.508  945.768  517.248
684.494  253.704  978.296  543.42
809.606  276.051  880.905  513.402
604.031  230.277  877.422  523.152
750.52  325.643  1038.13  599.276
722.875  261.876  1012.6  548.057
511.113  470.49  753.696  797.849
411.744  294.068  560.541  611.268
362.873  290.3  462.77  619.432
492.975  144.03  724.413  429.002
590.537  278.825  862.05  572.393
499.66  316.558  724.971  625.381
644.293  234.959  923.353  522.916
828.772  312.426  1104.11  578.709
725.889  297.196  1017.9  578.137
688.577  156.326  976.005  454.742
522.544  439.618  767.828  761.14
585.01  479.076  859.278  781.436
651.359  189.024  936.931  482.02
709.671  529.858  1005.56  787.423
545.164  202.73  795.026  495.698
678.788  528.981  975.367  796.726
599.474  214.174  867.004  506.828
981.621  297.356  1183.62  556.533
813.636  272.13  1091.49  552.276
545.455  281.581  802.315  580.23
513.283  473.237  754.144  800.536
886.895  121.942  1138.85  439.403
611.968  253.195  889.17  545.77
512.343  235.479  745.425  531.983
693.189  251.806  978.476  536.513
862.063  345.916  1129.33  600.633
657.939  262.993  943.667  548.677
709.253  220.371  999.689  510.054
497.244  318.074  720.629  628.001
542.51  459.489  800.868  776.084
476.976  308.054  704.137  616.304
827.21  336.778  1104.22  601.158
514.309  169.421  760.237  462.371
693.654  493.501  993.462  757.953
340.736  144.04  392.179  411.107
576.867  237.461  840.914  531.663
857.164  269.788  934.282  498.946
616.053  177.963  891.442  469.125
462.95  305.082  684.544  615.322
474.492  496.428  669.421  852.625
609.885  255.804  892.919  545.363
511.001  175.346  745.783  466.525
531.259  183.764  775.22  471.521
575.268  230.507  835.046  524.157
861.83  519.664  963.155  783.014
559.262  286.97  814.85  579.802
822.039  312.745  1100.62  579.02
829.521  253.765  896.238  485.225
523.616  435.827  756.496  759.266
478.128  496.275  684.089  852.835
552.098  284.433  802.844  582.408
514.598  219.035  757.616  515.688
861.822  503.714  963.543  764.107
766.87  288.908  817.577  532.339
784.041  299.863  841.945  539.373
689.389  249.459  974.04  538.874
831.653  335.44  1115.82  601.016
791.376  326.096  1065.09  590.678
562.527  127.711  802.902  415.118
612.973  244.022  891.329  532.522
791.713  532.371  1084.39  764.155
772.595  260.334  822.136  495.959
537.491  245.135  784.282  536.733
682.394  225.667  973.158  514.327
419.44  166.08  584.429  451.538
667.88  485.852  967.198  759.074
618.65  162.201  903.368  462.023
414.221  296.253  568.166  612.485
592.097  477.694  837.265  780.231
603.211  222.194  1087.1  558.028
747.4  293.02  1037.9  568.62
682.85  504.49  976.601  768.157
554.007  249.697  809.919  546.291
881.565  308.014  1149.42  571.655
650.208  483.194  935.944  759.216
734.846  492.983  1022.13  749.315
615.376  281.761  910.52  576.104
692.146  156.503  977.013  458.968
812.48  525.006  1095.12  754.614
344.854  454.017  380.857  871.187
680.724  209.64  969.656  499.661
522.733  455.163  755.575  776.974
614.02  260.992  889.796  548.094
778.982  294.71  1061.45  572.899
546.383  244.448  799.307  541.463
829.836  252.166  905.082  480.088
561.657  286.863  822.134  578.917
523.302  290.982  747.23  586.997
703.798  562.979  1002.14  821.174
751.98  322.596  1041.97  598.504
630.564  469.167  915.598  757.108
694.183  179.892  978.01  472.277
797.388  327.629  865.461  577.966
639.72  468.062  933.215  751.931
576.119  474.735  1067.48  723.831
712.853  224.724  994.807  517.227
500.146  476.68  732.886  808.601
556.839  441.225  825.416  744.133
494.818  485.266  740.187  817.335
639.708  288.418  923.196  571.93
332.803  435.576  360.772  854.314
776.256  260.892  830.268  498.32
489.557  347.087  714.18  657.716
514.414  171.325  750.349  463.958
488.144  485.526  738.121  826.428
524.073  486.001  778.927  814.834
494.968  475.67  688.824  817.804
755.801  261.298  799.139  499.787
608.619  212.776  882.747  508.819
719.447  569.477  998.583  821.242
531.795  491.466  794.374  816.954
518.022  256.892  766.4  550.538
482.35  304.095  675.709  616.178
458.219  436.323  651.454  787.279
820.594  127.45  1091.13  436.228
801.535  532.206  1091.11  763.626
507.44  437.875  744.674  767.584
576.576  242.362  839.617  529.79
727.272  282.98  1016.26  559.37
693.353  258.389  982.17  540.105
889.099  571.268  1153.58  773.149
409.107  290.548  555.56  613.537
863.895  349.224  1137.13  600.352
541.013  491.527  793.821  807.137
544.918  306.76  742.812  608.184
692.264  242.092  975.459  524.357
511.975  164.518  767.292  452.302
739.582  242.595  1025.38  524.113
882.112  265.978  961.167  490.144
404.362  278.908  552.31  599.428
342.112  161.508  405.162  430.709
742.057  233.891  1035.36  518.635
863.673  220.344  1134.81  507.936
559.146  442.823  825.416  744.133
516.06  150.951  748.494  431.358
698.041  503.163  971.396  776.12
470.635  339.384  714.337  650.726
741.485  210.255  1025.13  496.628
642.455  476.227  928.94  762.87
346.864  144.498  406.325  415.883
598.434  219.516  1057.84  554.311
807.904  293.093  1059.32  568.051
808.856  295.375  1090.81  563.255
632.21  244.45  908.721  527.91
714.013  467.571  1324.08  657.503
723.583  346.938  1025.86  625.38
736.906  327.617  1039.37  595.936
743.155  211.554  1025.13  496.628
691.478  545.318  990.918  811.64
472.064  327.317  683.447  635.93
677.541  530.243  984.282  799.884
341.959  297.887  382.27  627.473
687.523  465.814  973.734  728.234
742.969  336.35  1006.12  599.904
779.623  528.311  1074.2  768.074
718.519  494.166  1025.72  753.957
812.408  539.675  1100.1  769.07
490.045  161.952  714.23  442.088
525.52  441.156  772.307  766.974
708.755  234.864  992.923  515.984
359.777  158.886  432.912  437.745
683.772  158.682  978.056  453.055
831.193  337.17  1107.79  606.402
511.075  198.913  743.756  497.133
687.018  201.02  977.099  487.66
515.8  140.173  736.948  429.806
398.461  289.382  528.048  616.564
566.232  126.426  840.273  413.999
717.221  224.976  1009.25  508.363
738.999  365.776  1039.2  624.569