605.437  694.386  728.626  913.259
283.385  932.679  409.933  1154.04
404.097  558.216  523.899  708.057
534.647  575.197  648.921  741.028
146.147  534.89  317.982  686.176
494.551  642.311  614.648  831.068
439.349  565.981  552.169  726.374
461.237  698.298  574.498  900.258
538.053  570.468  651.19  735.147
614.515  308.643  731.612  386.764
487.509  627.855  598.711  807.934
458.111  667.995  569.774  857.79
320.179  931.268  439.741  1165.6
516.395  582.175  626.598  750.316
517.448  682.196  631.176  884.631
529.879  567.854  641.765  731.852
154.099  863.17  316.7  1041
410.968  602.013  526.908  769.823
385.645  708.754  501.232  899.604
615.017  305.282  731.366  383.284
549.274  658.94  668.874  857.447
554.028  681.787  669.027  887.894
434.596  680.311  547.166  871.814
368.598  618.415  487.803  788.049
421.649  605.081  540.61  774.186
637.839  289.668  758.864  356.723
491.119  580.105  604.208  745.231
463.645  549.065  576.293  705.452
489.14  640.735  601.182  824.85
431.434  616.885  547.088  790.626
457.01  688.441  569.948  886.591
476.777  617.839  588.197  794.442
578.433  360.771  692.095  461.09
636.547  299.287  757.393  369.971
518.603  593.986  628.92  766.041
537.029  587.271  651.784  757.715
518.581  582.425  627.914  750.356
390.012  636.21  514.294  823.915
533.009  582.458  647.449  751.088
532.13  570.378  647.234  734.667
622.542  316.64  741.106  396.24
382.4  602.795  499.298  769.16
450.373  595.763  561.698  764.842
606.762  691.889  729.678  910.199
447.797  596.222  561.698  764.842
424.278  575.704  537.277  737.892
583.31  528.139  697.28  680.081
458.634  639.053  576.706  823.873
609.127  685.884  735.266  902.126
441.127  851.858  551.498  1094.58
253.241  948.662  384.307  1167.82
424.612  671.94  538.857  859.957
140.774  532.749  315.732  685.373
409.177  593.572  531.725  756.141
386.386  613.759  500.529  782.929
505.356  628.573  616.848  810.948
507.959  537.822  617.806  693.835
532.731  631.67  648.103  816.599
224.762  553.294  369.278  703.414
502.642  691.274  614.151  892.545
575.534  683.808  692.736  893.969
483.946  631.207  593.746  810.709
516.643  572.5  627.3  738.311
332.328  264.408  462.405  381.519
614.957  342.433  730.428  435.271
397.806  285.008  518.661  393.015
463.546  686.893  576.602  883.609
537.994  571.336  649.288  737.662
224.213  544.932  368.917  695.593
620.196  286.489  737.032  356.574
506.083  631.838  616.271  815.15
518.64  571.847  630.884  737.182
526.457  656.105  640.058  848.491
435.462  699.996  547.479  898.342
516.466  583.771  629.277  752.76
534.422  570.587  646.224  736.568
326.893  362.462  456.078  491.741
483.341  639.372  597.189  824.768
477.881  595.689  590.027  764.346
532.872  595.63  647.483  769.421
428.341  702.441  540.372  900.393
425.773  583.49  541.101  747.901
504.176  629.771  613.361  812.275
602.963  696.749  727.611  915.987
386.642  302.208  506.909  411.333
416.539  698.215  530.252  889.717
631.433  298.619  750.72  368.352
613.86  302.933  730.564  382.317
502.971  645.085  614.516  833.243
462.099  608.585  570.431  779.841
170.076  532.633  332.551  681.167
577.546  684.087  692.736  893.969
541.33  585.788  659.147  753.887
384.716  293.955  507.495  408.614
421.988  560.441  540.145  716.171
518.294  595.302  631.457  768.447
437.901  564.531  551.758  721.993
480.959  627.221  593.183  808.168
494.969  579.657  606.628  746.954
532.114  594.387  642.797  768.304
410.195  598.602  524.878  764.202
467.81  608.864  581.056  783.334
597.079  742.401  718.088  981.992
377.106  616.8  497.218  786.314
537.783  567.507  649.854  730.016
454.613  638.711  568.322  821.927
172.755  574.572  335.162  727.424
394.97  695.996  508.348  886.448
175.62  541.56  339.951  696.227
284.318  936.282  409.12  1158.19
357.56  637.446  474.208  826.148
606.641  308.861  720.725  388.978
509.071  362.197  618.169  471.789
399.056  620.816  519.812  797.077
350.691  936.894  467.85  1180.67
615.576  306.79  732.834  387.404
424.552  617.938  535.977  791.882
384.891  299.013  504.732  411.317
299.563  282.895  434.831  404.714
519.147  607.64  632.347  785.373
524.529  694.268  639.036  904.439
249.441  930.039  384.672  1143.03
496.131  576.316  606.256  743.667
516.547  682.613  628.053  885.556
513.402  562.949  625.086  726.579
403.903  620.955  523.766  793.137
251.499  945.548  382.906  1159.08
634.811  285.71  756.029  353.974
188.067  590.901  343.317  744.723
646.837  306.57  769.749  379.929
479.099  700.491  593.601  903.733
485.381  694.664  598.128  900.351
637.466  300.057  759.248  372.484
389.726  623.326  502.814  794.732
177.483  535.475  338.432  683.828
331.202  997.448  446.245  1249.11
506.112  602.698  617.364  778.255
432.095  568.147  544.795  726.682
501.219  576.47  613.606  743.591
452.746  607.428  567.021  781.176
227.572  550.483  371.599  703.622
143.056  994.048  306.809  1185.44
454.005  286.464  565.676  388.419
416.358  708.347  526.932  903.765
538.647  585.908  657.266  757.158
373.232  698.788  492.341  886.062
168.279  567.811  330.813  718.74
414.822  618.967  531.082  794.171
229.374  552.976  372.848  706.578
404.7  714.619  516.307  911.299
397.172  700.034  512.913  886.328
437.927  732.74  552.185  939.698
420.057  814.302  533.847  1042.5
631  283.893  752.706  351.334
487.168  607.47  595.502  783.509
503.453  263.789  612.421  352.505
507.756  531.366  615.336  683.556
407.089  588.448  531.676  748.974
416.111  581.562  533.618  739.424
564.321  362.023  673.416  465.139
524.644  558.576  646.313  712.769
432.072  633.341  544.375  807.533
400.383  610.161  520.767  781.981
613.331  353.064  728.943  451.776
608.768  684.148  732.287  901.66
614.488  366.654  729.365  470.548
640.473  303.475  763.147  376.721
421.498  631.476  541.541  808.471
418.659  274.757  533.398  381.39
567.826  991.461  687.217  1334.26
590.573  309.392  705.266  396.993
455.488  574.124  570.084  738.542
648.565  304.293  772.479  376.504
422.931  603.645  537.337  775.053
612.267  598.946  736.646  780.401
509.974  651.75  627.194  846.833
506.585  611.895  617.557  790.858
404.672  737.319  514.966  936.801
605.374  693.405  730.496  910.003
644.621  293.598  770.245  359.443
423.67  707.195  539.156  904.353
330.746  288.594  458.741  406.365
627.212  324.612  747.536  408.241
399.352  575.157  206.028  1195.27
504.492  631.126  616.848  810.948
383.393  588.714  495.837  755.993
401.663  622.03  521.529  793.404
634.499  298.038  755.607  372.359
644.727  287.627  769.31  353.616
295.08  272.134  431.044  398.832
284.659  295.403  426.109  411.233
527.918  596.728  639.963  772.639
472.701  695.498  582.861  898.738
446.434  574.596  563.694  738.111
480.173  564.632  601.681  724.157
445.281  547.038  558.941  697.285
540.553  369.291  647.602  477.827
626.819  299.028  748.128  373.87
455.096  564.452  566.14  721.621
634.542  301.795  756.072  377.598
524.398  609.368  635.111  782.756
392.456  730.814  507.4  906.266
483.967  587.562  595.522  758.835
256.189  948.754  385.938  1159.97
628.668  323.31  750.678  405.539
416.203  574.086  534.111  737.124
632.701  303.783  756.072  377.598
186.665  596.758  342.51  749.664
495.121  599.658  598.055  775.615
429.723  624.741  547.807  805.197
636.986  364.885  753.463  457.259
405.628  564.27  519.739  718.747
251.583  934.552  382.183  1142.95
626.802  292.874  746.888  368.578
405.555  735.346  514.966  936.801
368.719  589.81  484.182  754.53
511.131  561.752  621.523  727.62
411.132  630.851  525.898  801.449
398.781  732.041  517.034  934.175
448.26  662.069  565.698  848.622
416.467  559.837  527.492  716.192
387.614  299.35  504.732  411.317
448.766  540.966  555.516  695.741
603.312  316.236  714.614  398.308
389.82  653.967  504.015  840.769
381.047  586.042  492.795  753.059
177.104  539.187  339.951  696.227
646.693  291.569  772.933  358.983
440.116  546.578  548.55  700.852
433.184  648.099  543.386  833.119
629.992  324.348  751.934  408.746
310.48  273.08  441.479  397.286
275.323  279.209  412.992  402.993
603.079  324.764  712.935  410.728
428.145  693.441  536.711  890.021
439.427  563.083  551.392  717.039
480.401  814.522  584.186  1052.34
490.292  586.326  602.596  748.756
325.197  261.755  452.602  381.39
427.324  590.816  561.474  753.988
178.627  527.751  342.047  673.305
565.531  1017.26  685.504  1365.44
223.362  536.545  369.384  692.451
554.512  996.075  675.165  1336
383.1  735.048  502.417  913.96
396.938  701.738  517.074  893.058
240.87  262.34  387.233  393.635
147.895  990.711  312.755  1186.22
615.272  550.607  738.137  716.091
384.863  698.088  506.881  890.317
477.09  586.561  592.275  758.857
424.917  580.096  543.636  747.159
566.286  360.231  671.413  462.448
470.845  266.482  577.623  361.299
419.356  627.653  485.685  770.951
483.822  594.955  595.714  770.914
456.784  615.191  554.491  793.534
136.708  554.899  316.19  702.596
382.873  662.508  504.559  836.31
359.716  361.396  477.76  487.376
387.388  686.174  500.627  819.673
517.257  264.34  622.21  348.849
175.22  573.032  336.458  720.433
561.74  263.586  666.681  340.684
518.451  651.903  632.856  850.877
496.163  591.437  600.049  755.32
549.092  666.058  302.126  695.01
494.628  596.918  598.055  775.615
384.365  987.955  502.362  1256.99
504.833  546.658  610.708  698.479
630.723  337.619  752.653  430.873
471.665  659.207  586.538  858.74
360.916  985.391  482.041  1245.21
638.584  984.398  780.198  1358.2
384.705  626.184  498.462  807.005
566.88  993.903  692.13  1338.14
363.816  985.099  484.945  1247.49
607.363  284.631  730.846  360.346
421.339  563.213  548.785  719.396
181.637  589.885  338.897  736.869
354.13  946.837  477.446  1194.68
602.621  309.049  710.356  386.392
460.675  581.211  578.227  753.287
636.155  344.533  762.228  437.589
401.221  552.086  511.213  700.444
472.545  631.368  596  805.939
375.264  706.406  501.042  895.317
354.562  718.868  482.829  908.221
398.486  710.778  503.263  905.493
398.678  675.481  512.604  888.955
236.63  271.086  380.84  406.942
488.081  662.393  609.9  848.927
250.889  262.953  390.421  392.097
637.839  289.668  758.864  356.723