310.772  868.236  405.476  421.586
705.636  731.557  598.396  267.202
442.921  698.426  464.194  286.223
722.924  863.426  599.985  389.273
451.945  647.92  475.979  245.1
706.573  879.633  586.327  406.394
771.801  1009.31  621.532  530.706
431.105  729.238  456.491  311.313
474.466  683.497  478.886  269.666
460.477  651.726  475.907  247.415
690.14  723.596  588.996  263.054
786.104  823.857  646.213  342.733
749.909  1024.86  593.777  545.875
743.163  653.135  627.603  183.684
753.279  1038.98  606.637  559.353
437.367  693.47  461.939  283.379
537.753  686.72  510.721  260.305
543.301  649.93  511.485  230.421
621.806  1011.45  528.886  527.892
851.112  877.103  688.519  390.699
714.636  843.469  596.553  371.111
845.228  858.745  690.454  370.739
617.651  652.962  552.305  215.861
480.714  650.829  480.951  244.065
811.496  1005.83  651.109  528.482
805.393  857.896  660.61  374.625
850.922  862.645  695.728  374.053
685.229  646.105  589.794  193.543
632.874  735.532  554.679  284.688
699.905  730.319  596.076  267.023
610.945  938.385  530.168  463.838
579.322  656.146  529.566  227.88
511.911  751.663  490.803  317.428
877.025  659.063  735.999  144.478
792.493  860.87  647.9  379.674
669.639  1006.28  556.442  524.725
455.815  703.449  470.684  287.867
653.083  682.8  570.252  233.741
446.588  747.292  463.551  322.655
571.889  737.944  521.357  297.133
470.998  1076.77  451.662  575.115
746.086  651.647  631.211  181.121
769.805  651.769  647.74  174.145
705.476  649.678  606.956  189.682
504.045  722.889  489.073  296.038
757.162  727.197  636.173  250.81
704.865  1027.83  576.026  545.739
618.274  649.135  552.115  212.799
488.96  1080.77  459.97  578.96
724.854  728.319  610.066  260.108
677.39  904.677  569.728  430.985
877.974  893.883  712.369  405.859
570.117  652.79  526.81  226.72
553.307  686.478  514.763  257.872
483.979  759.102  476.989  327.006
629.622  906.98  540.109  436.312
873.417  741.956  720.382  238.849
781.032  823.474  640.966  343.652
698.98  649.539  597.978  192.649
873.744  872.053  714.699  381.923
734.214  909.949  605.202  433.262
775.201  890.947  632.519  411.425
721.124  872.123  597.751  397.488
482.023  1075.65  457.215  575.023
765.085  1083.99  612.138  605.479
448.886  840.857  459.746  392.861
610.142  1031.54  521.338  544.696
566.993  1094.56  495.551  595.785
761.461  907.406  620.117  428.965
719.352  862.486  597.338  389.159
799.133  859.284  653.36  377.481
772.914  726.796  690.673  235.816
859.148  861.995  702.592  372.022
603.521  739.325  537  293.075
721.981  1064.65  581.301  582.583
543.157  1034.95  488.963  544.654
639.423  1011.42  538.808  527.983
873.307  989.505  702.898  513.034
512.724  835.958  486.712  384.07
656.033  673.035  571.181  225.335
779.738  991.024  627.939  512.94
608.419  719.487  540.915  276.051
717.565  858.567  598.513  384.455
701.491  1048.38  572.679  564.672
778.582  827.86  639.748  348.443
808.174  653.726  675.511  163.443
745.303  861.082  616.791  384.019
458.119  870.093  461.475  414.527
865.408  659.127  726.916  147.884
795.802  860.335  648.779  379.36
470.125  768.678  472.506  336.384
576.727  724.035  527.332  284.735
740.996  824.547  614.752  350.235
679.09  1011.75  560.113  529.525
486.694  735.432  481.332  308.546
616.587  737.558  544.726  290.118
877.32  655.934  731.737  142.741
663.496  666.439  578.34  217.109
516.076  756.41  492.025  320.309
704.283  877.612  587.123  403.836
608.704  649.725  548.018  214.461
539.191  1144.42  476.675  635.39
517.683  684.867  499.107  262.455
561.117  769.988  514.054  324.947
611.633  671.049  548.329  232.072
555.555  646.391  517.611  224.411
467.011  1036.4  451.973  544.005
518.523  1036.06  476.747  545.57
614.525  772.016  541.352  319.144
687.926  890.037  576.12  416.589
721.476  840.052  600.829  366.503
481.273  725.734  489.548  298.265
670.948  911.619  564.629  438.615
458.778  736.432  479.957  309.547
464.993  684.853  473.724  271.913
505.942  1061.19  467.889  564.035
878.978  657.946  727.852  144.688
749.522  1087.84  608.925  607.845
566.928  767.054  517.342  321.567
530.174  649.64  509.797  232.294
888.435  906.207  720.06  418.411
830.931  670.7  691.265  175.065
721.673  650.351  612.729  188.078
741.864  892.377  610.19  414.897
501.393  1096.97  465.086  593.58
491.062  792.465  489.966  349.37
496.836  1183.98  452.452  660.932
719.958  841.066  600.039  368.924
585.78  1036.5  510.7  548.832
541.025  736.917  505.833  302.111
787.914  826.374  647.347  345.747
762.619  723.016  636.551  247.309
494.58  1141.76  458.282  628.663
755.481  741.268  628.661  267.247
545.844  1139.48  482.05  632.274
672.532  653.789  580.411  203.319
752.7  877.612  618.883  400.992
732.879  876.895  605.817  400.481
740.07  759.233  618.089  287.619
817.008  1086.29  647.234  612.732
446.751  729.855  464.544  308.481
561.751  769.401  511.806  326.305
764.367  721.468  638.229  245.379
755.137  652.194  638.244  179.419
530.719  1077.43  477.56  580.135
748.051  655.809  634.303  184.674
579.385  751.057  523.935  308.098
723.688  721.212  611.13  254.398
708.988  1048.81  580.052  565.032
448.064  1068.19  443.194  567.874
587.211  677.668  532.534  243.191
740.416  742.262  619.939  271.176
495.54  1181.74  448.865  660.519
718.61  894.197  595.345  418.017
474.58  821.713  468.647  376.04
763.169  872.96  624.952  395.827
774.052  838.783  636.005  360.416
492.25  751.177  482.22  318.81
672.532  653.789  582.701  204.396
604.39  721.599  539.276  278.938
820.131  722.455  678.793  232.716
718.249  1011.82  588.706  530.118
692.691  1066.54  566.202  580.578
745.069  1027.69  602.216  546.817
723.365  1027.75  590.805  545.614
730.042  1046.4  590.087  564.162
818.569  1083.64  644.24  609.941
766.452  739.898  634.994  264.143
593.388  939.917  518.767  464.876
859.875  1006.89  691.412  530.342
750.752  839.898  619.898  364.583
799.772  845.343  655.567  363.668
431.209  738.588  455.168  319.575
745.352  860.38  615.053  383.005
720.892  866.054  595.389  393.546
498.233  1097.1  464.322  593.799
860.428  1081.69  686.458  615.014
862.572  1080.36  690.38  611.635
633.764  735.551  553.351  286.183
863.061  860.595  702.592  372.022
690.022  726.759  588.077  267.294
478.999  1112.82  453.852  604.755
459.695  1098.53  445.484  592.172
795.747  655.928  663.531  169.71
716.085  1027.38  548.546  549.081
745.069  1027.69  601.952  548.915
617.148  1055.22  523.616  564.909
745.295  880.127  613.923  402.159
682.477  1048.15  560.755  562.579
603.558  1052.33  515.488  561.634
714.523  746.353  604.745  280.091
648.052  1052.39  540.986  566.57
885.209  1000.95  713.418  524.579
721.905  1047.36  588.81  566.52
528.21  718.466  501.041  287.201
676.442  751.123  577.793  292.385
807.055  907.769  654.242  425.421
767.56  723.022  639.363  246.772
610.853  1032.56  521.603  547.142
707.455  1064.79  576.14  579.832
741.35  763.763  619.886  289.402
617.103  922.755  533.413  449.019
814.431  891.719  663.609  407.737
463.053  666.373  474.559  257.265
826.395  727.582  686.883  235.884
715.129  1045.6  580.828  562.114
718.715  1049.28  587.004  568.263
641.08  771.602  557.795  313.668
832.495  724.021  690.685  230.893
744.109  896.809  612.969  420.878
823.326  654.169  687.593  160.645
613.282  752.678  542.083  304.555
458.598  820.102  462.974  375.554
506.863  667.188  493.992  252.703
901.77  601.095  752.737  71.194
617.123  750.618  543.193  302.484
857.699  744.194  707.339  246.553
597.529  651.338  541.056  220.72
775.798  832.567  639.623  351.2
577.249  719.108  523.305  282.672
479.796  750.739  476.102  322.708
712.26  759.309  598.906  293.904
824.63  860.176  672.813  373.5
496.134  737.438  484.221  307.012
786.536  908.339  640.648  426.805
434.851  738.145  455.168  319.575
515.338  753.653  490.803  317.428
681.298  1031.73  562.724  549.925
657.508  724.853  569.19  272.378
492.636  774.267  487.25  334.891
810.557  1009.77  650.032  531.05
631.596  651.583  558.875  213.303
422.743  757.55  454.316  331.241
610.678  648.427  545.586  216.101
674.792  1028.98  558.612  547.137
764.671  1026.1  615.854  545.611
690.683  1012.69  565.18  529.778
640.391  759.653  555.218  306.847
462.053  770.43  467.869  340.185
575.801  721.215  524.434  280.912
482.472  794.051  476.472  355.94
730.437  1024.38  592.44  542.097
437.367  693.47  464.388  284.594
726.066  1068.2  586.999  584.098
447.959  704.142  462.696  292.423
572.277  736.962  524.02  297.697
844.697  727.769  703.579  231.249
909.354  612.921  766.661  81.917
558.5  1123.76  488.714  621.663
425.243  654.308  465.802  256.248
607.908  682.819  548.118  240.941
541.046  1096.53  482.344  597.539
642.079  1012.89  538.808  527.983
549.043  703.817  512.037  271.002
694.934  741.155  585.423  281.582
809.636  842.858  662.614  360.823
569.561  1074.63  501.638  581.436
501.849  1181.61  452.86  662.343
857.146  875.865  699.036  389.934
527.365  721.492  499.964  289.011
685.944  1055.97  562.221  569.106
867.812  858.799  705.479  370.698
856.442  1023.58  694.331  551.378
724.397  1004.53  590.617  522.111
643.241  1090.63  537.403  601.689
568.069  721.952  519.714  287.234
765.774  1023.63  616.339  542.42
539.564  1055.97  485.034  564.591
483.335  1057.1  486.226  561.248
416.71  682.964  452.349  276.77
560.766  1095.2  494.492  598.533
545.35  755.409  509.665  312.574
586.277  691.981  544.282  255.531
820.278  892.034  667.234  411.571
790.254  842.669  650.059  363.489
685.035  645.755  589.638  196.04
749.348  1043.81  603.05  561.175
721.905  1047.36  587.004  568.263
585.31  755.024  531.333  311.513
738.265  776.47  617.244  300.396
492.464  1060.04  464.604  565.952
428.875  750.617  455.438  324.131
782.835  833.705  643.947  349.796
923.968  1003.84  752.815  533.529
685.565  752.856  590.885  292.663
723.774  654.904  656.012  175.446
497.141  1060.37  466.793  566.673
752.832  1046.21  618.051  569.276
716.978  1047.26  578.738  568.53
720.291  755.912  594.581  293.303
478.307  1079.1  459.106  580.427
512.724  835.958  486.712  384.07