330
444.301  171.303  357.018  248.715
317.038  277.807  361.019  369.381
262.122  184.739  279.812  294.473
362.402  100.272  408.702  216.688
333.623  126.355  377.845  236.632
367.194  158.073  415.486  261.264
467.131  162.332  385.121  238.817
385.483  127.551  431.43  237.678
342.571  126.086  388.294  236.502
342.189  129.967  387.907  239.627
446.996  162.838  483.832  261.115
290.019  303.25  318.322  404.878
454.36  184.018  486.034  274.167
416.542  176.155  460.531  271.705
539.047  151.9  544.351  252.709
346.928  155.955  504.314  274.241
540.886  379.16  546.493  382.96
350.678  111.25  396.633  224.722
287.293  300.046  311.16  403.718
411.182  328.285  457.905  382.408
315.437  157.482  355.494  263.328
342.24  112.46  386.946  225.308
314.363  287.474  360.14  378.52
418.83  177.969  462.945  272.965
262.647  179.946  281.156  289.527
477.333  173.011  503.943  266.189
302.594  86.6228  342.306  202.333
246.43  172.202  257.722  283.947
435.487  133.71  474.77  242.068
524.825  316.325  456.105  371.021
447.422  143.375  480.61  247.541
342.973  129.559  500.343  260.46
327.37  155.094  371.769  260.71
333.173  283.803  380.653  369.789
360.873  126.768  407.918  237.277
352.231  151.432  399.181  256.772
347.403  156.717  395.329  261.094
328.616  111.264  371.996  224.263
364.658  102.583  411.594  218.862
314.204  250.222  357.671  345.527
313.908  102.929  355.685  216.732
435.853  132.335  476.489  241.781
259.279  184.893  283.303  295.01
508.474  172.211  523.59  264.102
418.548  327.509  465.871  379.375
426.568  334.54  473.885  381.749
317.289  117.419  358.591  228.858
238.432  187.542  240.441  301.246
375.402  116.507  422.378  229.72
544.708  166.228  546.363  259.928
320.597  94.7567  363.573  210.515
222.682  195.837  210.402  313.587
341.532  174.164  388.072  275.887
371.01  164.981  418.928  266.525
511.442  190.752  525.953  274.92
512.988  175.599  431.758  248.909
437.015  139.645  474.696  245.566
297.385  194.109  340.716  297.894
390.966  107.853  434.4  223.164
349.992  298.007  399.912  376.761
340.82  111.218  385.967  224.704
429.588  331.008  475.586  378.194
311.786  100.399  353.965  214.592
442.772  134.296  478.262  241.768
329.041  281.544  376.52  369.048
217.257  103.041  203.767  211.255
373.757  99.8924  421.069  216.972
347.928  129.694  393.612  239.556
352.515  155.614  505.834  273.88
313.651  303.095  361.069  392.12
363.649  100.377  409.628  216.443
512.297  184.824  526.388  271.308
455.327  186.172  488.338  275.433
311.892  186.168  353.148  288.675
379.71  114.888  427.67  228.424
337.68  154.704  382.831  259.579
327.792  269.638  370.574  359.228
248.585  183.135  254.955  295.271
368.457  91.79  415.709  211.215
341.593  152.767  388.339  258.576
443.855  331.793  480.851  377.476
305.693  297.74  346.248  391.287
409.98  312.055  458.959  369.716
262.122  184.739  278.033  294.788
386.867  158.318  433.309  260.04
527.082  166.513  534.15  259.867
462.517  142.294  495.859  247.432
376.723  177.039  424.099  275.424
409.328  128.569  455.081  238.666
399.853  285.552  450.808  352.367
407.46  109.211  450.672  224.479
507.626  296.402  436.176  358.967
346.152  166.573  393.398  268.779
329.411  116.763  372.636  229.018
419.018  155.269  464.634  257.933
336.495  284.597  384.694  369.704
371.536  149.753  418.863  255.017
496.908  186.724  515.705  273.821
420.392  344.229  464.582  392.481
313.375  152.152  353.865  259.403
314.197  156.897  354.56  262.564
354.717  286.482  402.923  365.481
317.043  292.288  363.572  381.381
515.433  134.508  525.091  240.94
347.839  146.258  392.881  251.959
416.668  145.055  460.668  249.741
341.8  172.365  388.054  273.687
348.004  154.526  396.272  259.016
523.815  189.905  443.165  260.261
383.189  298.083  438.876  365.171
392.009  150.682  438.437  255.152
353.894  155.425  400.708  260.185
299.877  104.794  337.55  218.295
536.35  175.658  544.161  266.555
333.814  172.239  380.869  275.36
453.663  164.781  485.835  261.123
470.995  159.442  389.454  235.39
405.88  146.796  451.749  251.153
347.591  125.39  392.949  236.348
378.685  116.836  425.337  230.359
373.371  155.268  419.671  258.025
444.224  181.656  483.222  274.368
555.532  121.83  544.998  234.175
478.163  173.279  505.488  266.968
536.029  170.076  543.283  262.284
366.615  131  411.658  240.541
368.967  170.695  416.814  271.383
311.881  179.234  352.776  283.414
527.854  169.073  534.787  261.111
519.003  314.77  449.246  372.211
363.096  101.926  411.378  219.131
488.334  200.472  411.142  274.345
415.419  330.206  452.784  386.189
371.481  155.874  419.301  259.936
424.75  302.572  471.916  359.908
441.208  299.717  485.887  353.904
450.82  175.02  366.742  251.655
362.568  167.386  411.94  268.223
407.831  319.845  454.955  377.736
314.183  172.022  355.122  275.629
374.577  154.754  422.152  258.952
350.734  110.005  396.648  223.133
450.82  175.02  368.332  251.86
494.937  287.019  409.526  355.169
316.231  251.851  358.973  347.127
209.238  277.443  180.663  413.695
527.49  182.176  536.189  270.181
295.576  198.927  332.601  303.485
506.611  167.226  422.334  241.588
579.79  77.1629  553.231  209.183
353.348  145.329  399.603  252.35
497.83  166.451  517.899  262.127
334.729  281.714  382.951  367.993
467.483  176.748  385.822  252.03
379.157  125.835  425.689  237.194
261.957  196.537  280.799  307.108
528.882  184.189  447.776  254.703
351.584  153.219  397.768  258.752
319.87  268.981  364.645  361.381
422.05  152.599  462.542  255.586
383.596  174.51  432.441  273.618
398.808  115.553  444.96  228.772
365.015  90.6643  413.55  211.045
353.354  147.184  399.778  253.948
338.044  173.979  381.275  276.419
331.523  282.554  377.874  368.416
360.447  319.103  409.67  392.009
481.766  324.488  509.498  363.299
434.396  324.288  477.414  373.869
444.526  185.902  483.718  275.771
412.282  172.461  458.038  268.676
542.846  188.808  546.674  271.924
401.097  138.61  449.222  245.467
298.77  195.873  333.446  298.622
303.954  201.973  343.639  303.341
374.812  173.811  421.84  271.844
512.24  317.612  533.091  351.423
417.008  289.448  458.733  352.222
346.971  127.054  501.38  259.552
316.422  303.303  363.379  390.955
417.505  326.937  464.534  380.16
473.3  183.279  393.687  257.899
343.334  174.433  386.997  274.608
445.81  146.971  480.216  249.31
320.988  110.881  360.164  222.019
519.814  303.708  448.083  360.935
509.119  205.241  529.761  285.27
440.323  349.341  472.563  391.938
312.666  107.414  353.974  221.566
220.574  188.726  204.103  305.308
394.411  143.64  438.668  248.168
375.367  159.272  519.847  275.558
434.205  134.754  474.77  242.068
376.304  172.52  431.019  273.407
313.788  175.903  354.482  278.656
258.229  198.49  275.364  310.075
316.454  119.351  355.313  229.173
543.902  144.062  544.893  246.736
320.373  266.777  358.901  360.609
210.804  277.833  180.663  413.695
335.54  149.044  381.22  256.471
474.378  151.861  395.133  228.007
484.745  325.795  514.629  362.732
407.999  309.167  455.657  369.954
494.218  309.17  423.793  375.246
320.988  110.881  362.076  222.284
339.047  152.767  384.383  259.301
417.689  137.868  462.098  244.31
516.693  302.422  533.415  342.205
424.557  336.477  479.569  382.141
515.069  315.185  533.462  350.006
351.099  168.649  391.608  268.713
473.986  185.868  393.19  259.952
362.402  292.293  398.74  370.238
316.441  122.093  356.795  233.978
514.132  184.012  434.916  255.273
600.973  181.77  562.06  264.67
451.074  171.41  366.924  247.492
398.086  288.801  449.639  356.664
459.651  149.221  374.593  224.752
256.746  101.503  277.492  214.199
417.924  308.505  463.661  364.741
536.069  144.526  544.333  248.034
342.302  171.077  388.427  271.864
322.106  281.04  367.021  369.503
402.669  160.923  448.194  260.441
450.087  301.695  485.324  355.708
476.738  186.32  396.304  260.026
416.667  128.159  460.138  237.258
292.058  188.617  334.437  292.68
318.249  152.374  358.289  257.463
543.58  74.969  541.297  207.822
496.66  142.393  517.981  246.098
319.664  110.941  360.164  222.019
283.404  186.762  324.828  292.204
371.07  153.909  518.917  273.592
463.115  148.921  378.465  224.213
460.26  197.258  494.654  284.143
503.292  191.325  522.466  274.803
292.612  303.775  324.85  404.916
297.229  187.86  339.825  291.157
270.487  182.736  294.559  292.609
539.543  188.565  545.562  271.555
457.534  179.373  492.887  270.159
466.034  293.669  393.062  369.232
516.453  177.603  436.434  249.078
370.212  321.626  421.753  390.81
406.951  290.435  463.417  354.803
329.106  149.938  372.31  254.779
444.364  178.136  482.514  272.865
205.888  89.3271  183.191  194.265
424.032  95.7431  464.151  217.845
351.937  99.919  406.61  216.642
308.129  85.5018  356.178  202.124
331.578  135.158  375.102  242.224
313.401  144.54  353.852  253.965
519.169  176.366  440.335  247.898
313.62  100.98  357.611  217.422
317.202  92.1974  355.914  205.34
490.161  298.353  516.077  345.183
317.486  144.017  359.677  253.511
505.469  226.98  512.671  295.497
343.859  175.486  390.528  274.826
484.605  199.458  506.172  280.192
545.478  150.387  546.692  253.316
532.322  173.493  545.284  267.476
410.444  310.571  541.109  348.272
323.064  124.213  364.117  236.369
314.739  104.669  356.044  220.071
333.434  187.715  382.639  286.077
295.216  186.137  339.377  289.482
217.546  98.2154  203.438  207.91
488.136  161.572  407.47  235.382
298.385  104.279  340.191  220.139
522.93  294.575  533.504  337.914
536.671  151.063  452.23  224.585
357.239  83.855  406.234  202.766
445.062  166.256  482.115  261.482
250.619  177.94  264.152  291.268
402.909  296.659  451.278  362.764
315.351  112.411  357.154  226.885
403.536  186.387  445.399  281.525
518.622  180.172  440.102  250.928
436.627  139.604  476.029  244.133
334.667  283.324  494.8  347.233
342.395  175.542  386.997  274.608
443.327  162.932  484.608  259.913
247.736  170.795  262.292  284.515
426.335  292.427  464.345  351.571
296.859  182.14  335.167  289.299
280.446  267.098  309.195  373.837
408.395  323.379  464.21  379.005
252.231  180.038  265.773  293.328
314.647  304.794  342.048  396.843
323.804  102.512  372.32  215.965
219.782  178.815  208.385  293.119
204.164  266.987  171.277  406.225
486.43  211.143  510.131  287.147
299.619  212.375  339.078  312.222
532.623  155.468  450.774  228.588
399.522  312.879  441.17  378.228
543.851  349.343  547.695  366.895
325.466  300.76  377.266  387.894
419.557  100.679  465.492  218.649
405.932  306.209  454.475  369.356
425.667  173.098  468.868  266.841
342.272  149.362  387.707  252.846
294.171  207.868  334.249  308.764
452.528  148.269  486.759  248.778
389.268  316.269  442.914  380.918
300.255  85.8676  353.281  202.652
442.927  212.297  487.022  296.948
441.389  224.129  481.347  304.986
318.309  153.997  358.289  257.463
238.369  189.152  241.025  300.491
221.282  171.973  215.659  284.808
406.175  89.6492  453.894  209.906
463.57  198.962  503.308  286.846
427.255  307.831  461.116  368.623
528.451  150.936  446.954  224.122
477.405  323.29  510.064  364.507
221.818  178.652  216.003  291.885
454.995  129.213  486.718  235.578
385.843  152.462  431.894  253.09
439.836  302.434  486.993  357.974
296.322  176.538  339.886  279.409
451.19  200.417  493.351  282.829
444.821  161.284  481.097  256.822
502.296  297.735  525.489  337.338
434.348  300.61  486.273  360.426
