300
520.15  175.703  364.928  170.199
346.575  378.399  257.786  376.205
330.939  174.619  250.062  187.647
152.498  363.176  164.451  355.429
246.355  160.621  209.891  181.818
328.568  452.84  246.833  446.398
332.288  527.478  251.861  522.064
415.449  170.42  295.836  176.579
294.604  603.62  231.365  591.89
380.941  332.877  276.525  333.272
450.371  403.641  318.761  407.628
139.481  351.257  162.431  345.536
425.353  385.16  306.074  387.41
379.351  420.873  275.836  419.788
406.596  369.738  291.35  370.425
388.624  377.448  282.675  377.389
383.525  362.383  282.321  362.636
336.805  366.291  253.687  364.51
347.268  411.742  258.776  408.536
341.423  360.914  255.94  359.301
347.998  355.821  262.082  355.195
357.475  392.198  262.879  389.768
337.121  498.462  257.171  494.967
434.954  329.088  308.729  330.573
395.094  384.407  288.567  385.321
329.437  404.703  250.679  400.93
397.806  391.845  287.124  391.994
358.332  393.865  265.258  391.826
347.265  371.045  265.732  370.255
520.147  602.889  372.783  643.767
367.491  160.353  269.463  171.338
206.851  577.808  184.087  548.33
349.792  366.503  262.861  365.215
430.996  373.76  309.04  375.752
403.241  403.143  294.064  404.532
274.728  227.078  221.905  237.835
342.377  168.157  256.453  181.007
124.81  528.879  151.867  496.268
116.819  327.298  150.084  325.348
376.488  427.769  276.438  426.769
314.025  606.26  241.298  597.646
316.797  369.201  242.312  365.973
351.438  411.348  261.248  408.276
410.63  319.682  294.361  320.465
305.096  606.819  235.034  595.924
269.495  611.385  220.214  596.116
295.841  434.839  231.537  427.377
422.284  418.525  302.007  420.658
375.513  421.397  275.519  420.864
205.486  578.232  184.087  548.33
427.865  426.187  307.023  429.484
317.99  414.664  243.292  409.907
312.637  413.853  242.188  409.287
246.355  160.621  211.711  181.396
313.854  434.356  241.276  428.543
412.033  422.232  295.864  423.582
147.701  323.677  162.726  322.736
309.04  423.339  238.204  416.654
360.282  344.731  266.556  344.08
356.303  386.385  266.349  384.666
306.758  607.05  237.132  596.606
364.088  167.806  267.102  178.414
400.612  391.599  288.844  391.664
369.732  401.108  271.334  399.285
330.666  494.177  250.907  489.042
422.202  420.348  302.004  422.418
517.208  184.797  363.26  179.323
516.013  183.311  358.448  179.12
345.758  354.008  259.176  352.596
407.321  365.003  288.813  364.752
414.444  372.57  295.73  373.006
369.144  494.321  271.985  493.901
352.901  378.244  261.131  376.822
416.748  345.176  297.572  345.672
335.275  368.707  253.202  366.194
377.439  167.44  274.551  176.705
264.653  160.558  218.008  181.046
329.384  451.006  247.216  445.242
359.393  410.189  264.074  408.112
273.516  564.123  219.421  548.861
349.366  355.448  262.082  355.195
354.792  422.98  263.026  419.616
512.759  184.129  358.479  180.667
360.392  494.195  266.965  492.741
337.457  345.285  256.122  344.068
268.083  160.779  220.01  180.86
453.817  417.675  321.682  422.126
326.614  174.362  248.878  186.729
495.36  423.982  350.481  432.957
347.038  411.694  257.087  408.775
403.36  371.157  288.075  372.013
380.501  371.828  277.629  370.86
339.689  387.046  255.205  383.763
143.356  324.691  162.257  323.864
407.227  393.921  294.051  394.446
390.912  384.599  280.854  383.423
348.455  437.045  260.673  434.619
517.084  602.406  369.921  642.521
308.108  380.069  236.315  376.52
383.97  417.851  282.405  417.499
469.601  418.918  332.758  424.932
420.408  613.439  306.477  632.467
486.444  197.14  339.416  196.912
296.527  580.658  229.395  567.716
364.65  372.172  268.105  370.341
171.261  158.19  175.976  186.73
412.885  368.61  294.091  370.053
289.526  578.866  228.635  565.239
137.721  322.232  159.543  321.863
202.64  570.265  184.049  543.053
367.412  365.004  269.91  363.471
403.441  385.952  290.867  385.871
403.704  368.356  292.668  370.065
380.553  162.475  275.322  171.93
125.923  353.511  155.275  347.757
494.506  189.938  346.787  186.772
317.452  419.39  241.505  414.382
459.419  610.166  326.316  634.106
368.646  330.617  267.107  329.99
435.451  364.843  307.82  365.672
411.362  384.207  294.113  384.218
139.132  353.111  161.937  346.273
410.217  167.745  293.731  173.33
363.696  374.471  265.342  372.015
413.702  161.682  297.729  166.483
353.885  345.255  263.322  343.996
357.229  428.466  264.859  426.846
409.17  352.018  293.095  351.943
409.522  384.127  294.113  384.218
390.141  498.077  283.784  500.799
315.537  389.379  239.144  383.776
483.075  165.59  338.612  163.578
332.397  498.9  249.218  493.049
374.05  175.655  272.327  184.275
195.213  159.584  183.247  187.71
353.461  449.947  263.279  446.105
514.426  183.946  358.448  179.12
518.835  602.529  369.921  642.521
410.417  353.38  294.948  353.351
204.381  569.976  184.616  543.13
456.824  418.883  323.552  423.236
381.845  362.895  279.229  361.903
378.436  338.522  276.326  337.837
369.255  498.133  271.355  498.027
383.424  430.945  278.685  429.223
362.209  345.666  228.372  342.69
185.753  336.016  178.456  334.099
506.003  175.265  354.475  170.467
333.601  172.603  251.078  186.863
407.278  352.254  292.132  351.946
322.391  340.754  252.786  341.455
431.365  364.174  308.779  365.053
327.235  358.965  250.901  358.506
359.163  397.995  261.254  396.106
458.924  221.608  323.784  221.105
431.294  356.921  308.688  357.588
455.342  401.372  323.383  404.74
403.612  167.504  289.418  173.572
301.676  358.59  231.289  356.577
378.129  366.965  277.518  365.629
498.247  420.511  353.053  429.035
430.33  371.45  302.733  373.863
399.362  367.794  286.222  366.752
350.207  359.789  259.526  359.662
283.795  363.495  229.274  359.195
301.897  371.327  236.026  366.718
403.208  369.884  289.622  369.127
452.451  404.224  321.919  407.503
119.77  607.233  149.985  563.836
441.8  349.95  315.191  350.672
375.513  421.397  274.012  421.388
358.146  348.624  265.626  346.893
189.26  160.741  186.145  186.905
462.22  607.702  330.212  634.27
445.377  414.335  316.398  417.189
380.03  427.461  275.764  427.577
377.335  281.117  279.146  281.861
502.34  186.332  351.556  181.914
396.706  362.191  286.072  361.134
384.678  346.482  284.025  345.757
420.332  373.576  302.499  376.703
493.448  426.757  349.742  435.14
420.831  363.086  300.977  362.978
463.778  609.556  331.643  637.205
427.741  357.047  306.625  357.291
405.477  385.608  292.543  385.041
385.347  342.441  282.589  341.536
380.553  162.475  276.263  170.824
508.454  341.334  359.702  343.433
341.713  434.894  254.554  431.953
379.076  336.458  276.827  335.348
414.444  372.57  296.965  372.143
153.489  348.638  165.887  344.886
458.924  221.608  321.845  221.102
377.979  335.409  275.893  334.242
423.819  372.727  303.69  372.876
435.795  360.563  310.653  360.94
433.433  340.676  308.426  340.571
361.465  347.57  268.443  345.765
376.103  367.458  276.284  365.586
314.558  383.945  242.049  378.637
182.421  334.603  177.293  333.471
352.631  386.247  261.405  382.498
338.491  420.319  254.065  414.69
348.252  342.559  259.6  340.447
480.612  221.269  335.686  219.208
406.528  359.01  290.898  357.934
421.245  345.637  298.673  344.978
501.023  353.248  354.401  355.801
391.813  344.976  286.138  343.98
405.354  355.833  291.799  354.912
409.062  337.492  293.474  336.731
435.969  353.21  310.414  353.297
351.831  399.321  263.216  399.06
502.211  188.831  351.777  184.001
529.068  178.848  371.225  170.648
382.445  162.55  276.263  170.824
528.295  179.102  369.801  171.255
423.356  350.63  303.171  350.242
357.409  339.719  296.267  340.278
327.149  407.129  248.259  404.791
459.8  161.189  322.486  161.313
395.254  343.582  294.399  343.078
530.617  178.436  371.065  170.354
143.108  330.347  162.473  326.112
138.716  334.912  159.808  329.79
434.746  350.777  309.546  350.567
516.941  173.769  361.728  166.907
384.974  336.881  282.2  335.605
387.701  359.755  280.48  361.674
321.297  422.582  243.136  414.687
407.861  354.856  293.416  353.728
406.622  612.964  302.769  629.321
312.748  386.101  244.88  385.131
413.286  386.156  296.706  385.301
316.052  184.389  242.118  195.412
507.151  193.303  354.152  188.004
461.693  610.329  328.167  636.76
386.637  399.263  280.07  396.566
295.129  383.027  232.219  376.37
381.845  362.895  278.058  360.573
478.751  221.941  335.686  219.208
489.049  188.382  342.162  184.586
374.741  346.805  273.274  344.508
461.653  161.232  322.184  161.256
519.076  218.488  372.747  210.539
467.155  162.412  325.792  161.726
341.738  180.209  256.483  189.127
423.483  376.724  301.438  375.843
507.378  176.013  354.434  170.076
333.583  386.188  252.151  381
527.024  179.787  369.801  171.255
307.293  426.089  236.412  421.669
344.995  181.789  255.547  191.146
389.031  403.303  280.74  400.325
338.377  371.573  253.83  366.991
494.506  189.938  346.676  185.149
349.879  346.201  259.781  343.1
376.585  385.665  274.95  382.277
331.553  439.736  248.254  436.618
413.927  380.724  296.823  379.272
436.255  347.01  313.05  346.237
322.981  433.253  237.962  427.79
434.646  352.22  309.579  356.669
398.02  424.873  287.082  428.232
482.705  176.689  334.046  174.156
317.187  372.575  240.606  371.942
396.024  386.15  285.913  383.445
342.093  398.874  266.8  395.568
343.723  336.819  260.684  333.832
428.159  407.316  306.356  413.173
415.553  328.691  293.62  332.57
321.801  438.959  244.701  429.78
401.544  440.569  287.791  437.955
515.662  204.612  361.461  197.533
330.15  336.745  245.828  332.892
371.675  345.309  272.318  342.217
408.484  344.469  293.181  342.236
340.857  379.251  254.897  373.552
296.303  395.404  228.65  392.437
320.868  393.787  241.624  385.733
314.472  366.133  243.834  360.471
292.931  366.775  226.517  359.233
359.035  344.308  265.026  340.629
345.436  431.697  252.561  429.698
144.366  341.988  164.185  341.218
297.845  362.406  231.004  355.48
327.796  402.146  241.668  400.038
379.979  404.375  277.247  400.002
406.344  332.635  292.349  330.02
359.361  347.684  267.792  343.896
315.582  429.022  238.311  425.624
496.007  158.588  342.14  154.009
490.237  194.211  343.085  188.789
396.434  437.122  286.259  433.74
413.136  370.736  288.304  366.724
157.826  369.648  168.965  357.664
313.491  356.216  236.831  357.331
367.577  355.987  270.327  351.683
343.723  336.819  260.684  333.832
