305
275.474  311.625  324.184  139.485
216.266  334.005  287.909  176.086
343.273  342.364  373.477  155.613
342.79  497.438  360.595  346.773
292.887  350.127  333.759  177.309
320.998  499.704  342.688  348.035
358.077  478.544  372.702  323.413
315.022  316.201  353.869  132.551
222.388  358.521  287.678  199.881
289.836  490.205  319.323  335.098
255.251  510.958  298.08  356.433
237.656  542.065  282.014  387.025
333.34  424.937  358.874  257.81
291.149  491.302  318.321  336.154
321.68  430.669  348.736  265.682
293.144  308.124  337.913  130.116
351.997  390.377  376.519  212.879
391.384  408.056  411.876  228.986
268.384  500.476  306.414  345.806
203.887  343.262  278.983  187.863
414.012  408.048  432.957  225.348
337.122  400.288  361.915  227.677
204.697  346.067  279.435  190.469
348.885  431.932  370.476  265.007
244.84  306.518  305.405  142.088
341.449  409.585  365.665  238.215
404.214  409.585  425.995  228.875
278.582  510.113  314.18  357.515
213.343  309.006  287.409  152.13
307.622  499.609  331.381  346.916
310.373  308.856  349.944  125.92
369.713  393.022  391.59  213.097
289.369  341.553  331.784  168.534
351.022  352.216  378.941  165.742
331.695  416.242  358.532  247.361
360.305  356.561  392.016  167.337
344.058  341.243  374.259  153.939
358.652  351.84  384.801  163.271
341.37  399.161  366.531  225.595
225.29  324.461  293.006  164.973
408.1  409.289  430.165  227.664
362.831  342.564  390.365  150.123
382.614  431.148  397.816  261.042
268.646  345.694  317.75  177.574
361.815  343.349  389.49  151.379
266.316  365.155  313.188  199.454
357.415  354.118  384.275  166.25
350.073  343.704  377.728  155.828
299.997  309.353  341.365  130.047
343.96  345.722  373.184  159.553
370.865  390.98  392.228  210.394
293.36  309.979  338.353  131.87
223.154  364.86  288.977  205.713
352.104  391.429  376.395  214.297
393.231  345.473  420.419  144.245
361.944  414.739  382.473  242.198
350.689  343.704  379.308  155.399
298.872  430.04  330.504  266.894
375.651  341.354  402.646  144.472
396.527  343.723  423.598  140.593
390.725  424.751  407.562  251.541
337.146  390.501  364.057  215.439
218.154  309.613  291.109  151.489
437.031  291.982  477.291  48.8843
302.492  350.177  339.829  175.229
219.185  316.597  290.374  158.109
318.972  348.904  353.645  169.537
357.532  493.249  371.218  342.309
215.369  341.374  286.774  183.785
370.142  396.531  391.726  217.65
334.966  308.67  370.843  116.817
316.186  350.073  350.63  171.759
421.824  352.103  446.595  144.34
318.485  432.731  345.566  268.208
352.956  423.577  373.65  254.073
407.506  415.869  429.342  236.804
364.115  343.316  391.09  151.1
342.862  413.284  366.959  242.367
342.804  308.934  375.188  115.116
215.707  346.218  288.482  187.676
249.756  349.956  307.908  185.204
268.468  347.781  317.594  179.684
273.608  342.249  320.445  172.848
332.003  346.54  364.761  163.22
367.689  342.679  395.131  149.053
347.734  416.424  370.059  246.194
218.725  350.2  288.827  191.321
370.58  392.176  396.296  211.512
343.235  410.037  367.327  238.283
377.774  408.563  396.763  232.232
315.061  342.185  349.627  163.561
376.897  311.611  408.547  105.264
363.65  514.778  374.814  370.608
339.27  400.483  364.905  227.111
249.355  325.103  308.565  159.423
279.653  342.056  327.005  170.571
384.934  477.306  397.739  322.166
361.731  351.418  388.621  161.401
348.255  488.305  366.959  335.451
366.173  342.52  394.601  148.502
425.554  345.804  456.228  132.615
271.353  350.354  319.215  181.76
343.584  351.351  372.942  166.879
372.573  352.029  399.74  158.751
415.488  356.373  439.548  152.957
288.535  308.42  335.172  131.255
353.367  311.585  385.787  113.821
316.465  432.469  342.331  267.915
367.535  398.278  389.337  220.541
378.579  351.79  403.119  157.231
356.598  515.581  369.104  371.031
275.16  356.534  320.697  188.584
404.737  476.62  420.148  321.788
367.408  342.513  396.202  147.891
205.741  350.791  279.189  195.406
339.308  354.318  370.34  171.361
229.567  360.427  291.941  200.112
414.603  352.112  440.895  145.995
372.624  474.985  386.741  318.749
373.069  432.286  391.835  262.961
307.91  424.391  338.789  259.047
221.264  325.613  288.977  167.848
221.932  323.973  290.534  165.76
309.023  357.202  344.966  181.301
340.947  373.354  351.563  197.682
214.552  307.608  291.328  149.951
229.436  307.759  296.801  147.537
343.525  343.122  373.425  157.007
263.244  533.914  298.783  381.029
311.827  345.739  347.541  168.516
379.475  401.465  401.016  222.64
365.562  309.357  396.293  106.588
341.125  309.832  374.84  117.154
414.86  413.82  437.469  233.482
403.945  416.386  421.313  239.119
357.14  398.711  379.468  223.026
330.704  347.548  364.65  165.289
328.239  345.635  360.15  164.328
286.524  351.007  328.764  179.254
289.802  318.435  334.922  141.963
258.051  308.516  312.317  140.583
228.761  377.015  291.476  217.804
208.316  329.837  282.812  173.28
360.909  430.837  377.921  263.285
414.841  311.335  442.504  90.8515
339.706  367.259  368.782  187.301
184.093  358.846  266.263  205.784
300.275  527.467  322.64  378.828
233.655  503.371  284.422  346.24
291.996  341.213  332.711  168.418
396.805  343.138  424.447  139.146
220.876  316.37  291.79  158.119
367.125  345.596  420.903  145.21
296.581  482.463  325.036  326.032
291.781  366.354  331.49  195.161
285.563  471.923  317.988  313.897
266.494  520.044  302.706  366.321
287.781  316.134  332.783  140.228
228.57  356.554  292.119  196.116
318.454  365.784  351.992  188.994
387.702  515.863  395.976  375.05
324.589  490.64  344.447  336.551
320.377  488.61  341.956  333.997
288.293  342.856  330.82  170.957
336.014  505.433  354.936  355.64
345.715  361.01  372.947  178.644
334.355  416.643  359.526  247.071
295.828  340.359  336.528  165.06
400.635  407.93  422.419  226.508
265.503  499.413  302.392  343.47
256.517  520.759  295.044  365.836
212.185  346.58  283.99  188.843
269.202  364.026  316.629  196.662
338.137  360.526  366.713  179.886
386.707  423.407  406.004  249.572
291.062  357.241  331.652  186.377
262.436  357.366  310.992  192.49
353.393  425.802  375.123  257.61
342.245  411.206  364.336  240.976
350.96  356.303  378.141  171.53
393.602  487.116  405.467  336.756
348.572  430.503  370.522  262.605
309.999  431.843  340.321  267.269
347.821  416.355  370.704  245.104
236.768  370.251  297.116  208.398
218.533  365.612  286.581  207.976
311.51  470.737  334.73  312.421
293.269  356.114  333.413  183.21
293.235  438.007  326.42  275.406
352.716  310.118  384.204  112.254
245.008  359.161  301.083  195.87
271.644  349.886  320.833  181.992
289.446  307.86  333.651  132.318
321.673  429.282  348.717  263.297
331.618  308.428  365.853  117.837
220.288  357.837  290.595  199.475
232.971  356.376  295.037  194.874
227.104  512.405  281.246  355.142
203.607  352.178  281.172  195.143
320.529  487.681  342.35  332.715
381.998  514.88  392.506  371.95
353.821  417.846  376.512  246.071
270.515  510.256  307.065  355.855
265.832  535.474  299.285  382.417
305.131  367.063  340.457  193.209
234.662  561.808  275.503  405.232
235.019  561.241  274.545  404.298
374.778  394.327  396.834  212.82
237.223  316.952  299.572  153.959
212.794  306.675  286.675  149.293
432.006  290.926  469.4  49.7962
213.429  399.133  281.044  240.494
228.241  312.88  295.545  151.62
353.765  487.896  368.897  336.108
344.104  477.235  361.337  320.545
334.006  481.07  352.236  326.865
227.703  307.131  296.801  147.537
376.168  310.73  406.147  103.703
368.508  395.307  391.612  215.042
246.107  370.281  301.902  206.812
414.079  346.19  442.745  138.868
381.847  479.464  394.498  324.272
247.377  391.927  300.414  229.285
289.424  489.641  319.181  333.424
350.405  353.564  377.967  168.659
357.812  478.335  372.641  322.106
324.014  497.456  343.317  344.207
341.09  498.223  360.595  346.773
327.813  480.848  345.636  324.231
304.704  366.12  341.416  191.722
263.463  308.025  317.63  137.407
436.949  476.729  452.564  324.007
278.583  492.277  312.684  335.983
384.361  400.251  405.548  220.861
238.476  326.389  300.409  162.775
323.201  480.156  344.188  323.38
223.448  390.208  286.286  230.295
360.686  473.448  376.202  315.853
346.636  486.455  362.469  331.794
147.697  411.894  248.219  257.79
410.944  312.893  444.579  90.6229
261.065  334.111  313.441  165.731
269.443  342.698  317.977  175.731
376.678  478.93  389.821  323.119
197.853  324.274  277.049  169.27
234.035  367.512  297.467  204.995
369.427  415.982  391.723  243.841
320.38  493.613  340.495  339.046
217.307  413.296  282.116  253.812
314.649  310.207  352.252  124.899
304.516  480.376  330.619  323
202.158  299.721  281.293  144.527
251.724  511.847  292.368  355.089
411.19  471.622  423.732  316.429
405.773  477.353  419.129  324.501
329.654  475.14  348.932  317.179
321.327  490.096  342.106  334.918
246.204  492  291.631  333.901
442.12  482.25  460.833  330.158
293.109  506.17  320.478  351.958
427.323  511.607  439.511  375.416
294.731  509.567  322.077  356.073
325.958  357.552  361.745  178.984
299.263  488.355  326.47  331.939
281.582  446.16  317.412  284.342
256.458  543.328  291.903  388.798
277.672  358.397  325.438  190.553
378.06  311.282  406.147  103.703
438.013  293.548  476.082  49.722
218.095  521.681  272.567  362.569
286.672  499.806  315.702  344.11
204.11  321.326  281.06  164.789
350.515  368.388  377.652  184.109
412.137  407.798  431.872  226.864
259.296  541  295.055  386.871
312.944  498.382  337.288  344.374
292.123  526.931  316.738  374.962
349.94  345.643  376.936  159.994
212.63  507.342  271.048  347.691
244.904  511.29  289.515  353.915
248.868  317.182  306.243  150.633
218.511  571.163  264.149  414.393
408.795  520.404  410.521  384.188
413.495  468.337  430.142  312.319
223.741  510.735  276.909  351.766
419.608  513.092  429.998  376.689
355.452  495.63  369.015  343.202
362.8  489.98  376.82  336.507
227.007  528.503  277.86  370.183
292.963  500.342  320.495  344.872
370.962  351.72  396.152  161.606
244.712  369.035  299.92  208.841
203.655  356.327  278.813  198.505
232.514  521.792  280.46  363.446
333.535  358.36  366.304  178.999
229.098  510.692  280.403  351.85
432.542  283.676  468.758  38.5807
288.012  446.326  324.507  283.737
317.689  477.994  340.022  319.749
340.441  497.309  354.252  347.991
346.21  403.03  369.1  231.838
240.144  504.001  286.297  345.299
203.438  322.861  281.031  165.63
367.681  357.87  395.665  165.539
346.21  403.03  369.1  231.838
